isotope	idnumber	ring	species	subspecies	rn	wp	two	wpp2	wppc	wpt3	wpss	tars	tail	bw	bd	bn	thl	age	moult	ogc	wing	weight	fat	muscle	ringer	time	date	jdate	month	nanjizal	period	condition	pointedness	t3p2	conditiontars
																																			
-64.1	37	KJK340	CHIFF	C	N	5	10	6.9	33.7	NA	NA	18.4	43	2.5	2.1	NA	NA	3	NA	NA	57	8.5	4	2	RJ	09:30	28/09/2017	1	S	Y	1	9.504	NA	NA	9.601196
-56.4	110	KJK351	CHIFF	C	N	5	9.5	6.9	34.9	NA	NA	19.3	46	2.6	2.1	NA	NA	3	P	5	61	NA	0	2	RJ	10:00	28/09/2017	1	S	Y	1	NA	NA	NA	NA
-54.6	66	KJK354	CHIFF	C	N	5	10	6.7	32.8	NA	NA	18.4	45	2.6	2.1	5.9	NA	3	P	4	56	7.2	0	3	RJ	10:45	28/09/2017	1	S	Y	1	8.357	NA	NA	8.132778
-58.2	69	KJK362	CHIFF	C	N	4.5	9	7.2	39.1	NA	NA	20	52	2.4	2	5.4	NA	3	P	NA	64	8.2	0	1	RJ	12:00	28/09/2017	1	S	Y	1	7.177	NA	NA	7.533485
-57.8	44	KJK394	CHIFF	C	N	4	8.5	6.1	32.9	11.6	NA	18.3	NA	2.6	2.1	6.3	27.4	3	P	9	58	7.1	1	1	RJ	08:30	30/09/2017	3	S	Y	1	7.652	0.0948	70.76	8.128846
-58.8	27	KJK401	CHIFF	C	N	NA	NA	7.9	35	12.1	NA	18.9	NA	2.5	2	6.1	27.1	3	P	5	NA	7.2	1	3	RJ	09:00	30/09/2017	3	S	Y	1	NA	NA	95.59	7.610061
-64	41	KJK413	CHIFF	C	N	4.5	9.5	7.8	36.3	15.9	NA	20.1	NA	2.4	2.1	5.9	27.6	3	O	7	63	8.5	2	1	RJ	10:30	30/09/2017	3	S	Y	1	7.691	0.1285	124.02	7.713190681
-58.5	70	KJK415	CHIFF	C	N	4	8	6.6	32.5	13.2	NA	17.8	NA	2.4	2	5.9	26.4	3	P	6	57	6.8	1	1	RJ	10:45	30/09/2017	3	S	Y	1	7.603	0.1157	87.12	8.338527362
-64.2	20	KJK426	CHIFF	C	N	4.5	8.5	7.1	35.9	11.7	11.1	19.5	48	2.2	2	5.8	25.9	3	O	4	61	8.9	4	2	RJ	11:20	02/10/2017	5	O	Y	1	8.622	0.0754	83.07	8.705942216
-58.4	97	KJK258	CHIFF	C	R	3.5	8.5	6.1	36.8	12.1	10.9	18.6	46	2.4	2.2	5.8	27.4	3	O	0	61	6.8	1	1	RJ	11:30	02/10/2017	5	O	Y	1	6.587	0.0983	73.81	7.477940867
-59.7	33	KDY602	CHIFF	C	R	4.5	10.5	7.4	34	12.2	12.1	19.1	46	2.5	2	5.8	27.9	3	O	7	60	7.2	2	1	RJ	12:00	02/10/2017	5	O	Y	1	7.223	0.08	90.28	7.414143815
-70.5	84	KJK462	CHIFF	C	N	4.5	9	8.1	37.2	11.6	12.8	19.4	47	2.4	2.2	6.2	27.6	3	P	9	62	8	1	1	RJ	12:10	03/10/2017	6	O	Y	1	7.488	0.0564	93.96	7.925893978
-68.9	52	KDY817	CHIFF	C	N	4	8.5	6.9	36	11.2	11.2	18.8	47	2.5	2.1	7.1	27.5	3	P	4	62	8.1	1	2	RJ	11:10	06/10/2017	9	O	Y	1	7.581	0.0693	77.28	8.674596231
-56.7	2	KDY824	CHIFF	C	N	4.5	10.5	7.6	33.1	10.5	NA	18.1	44	2.8	2.2	5.8	26	3	O	4	57	7	2	2	RJ	11:50	06/10/2017	9	O	Y	1	7.827	0.0508	79.8	8.235569477
-55.6	18	KDY834	CHIFF	C	N	4	9	7.8	34.2	11.3	10.5	18	NA	2.6	2.2	5.8	26.1	3	P	6	58	7.5	2	1	RJ	13:45	06/10/2017	9	O	Y	1	8.083	0.0603	88.14	8.945785329
-61.4	106	JKY380	CHIFF	C	N	4.5	7.5	5.3	36.4	11.2	11.6	20.2	46	2.6	2.2	6.5	27.7	4	E	NA	63	8.2	2	1	RJ	11:50	08/10/2017	11	O	N	2	7.42	0.0936	59.36	7.350022919
-58.2	102	JKY399	CHIFF	C	N	4.5	8.5	6.5	36	11.2	NA	18.8	47	2.5	1.9	5.5	26	3	O	4	60	8.9	5	2	RJ	15:30	09/10/2017	12	O	N	2	8.928	0.0783	72.8	9.531346476
-61.4	91	JKY402	CHIFF	C	N	4.5	8	6.7	35.8	11.2	NA	20.2	49	2.4	2	5.5	26.9	3	P	4	62	9	2	1	RJ	16:00	09/10/2017	12	O	N	2	8.424	0.0725	75.04	8.067098326
-58.4	96	KDY923	CHIFF	C	N	4	8.5	6.2	36.3	11	NA	20.1	47	2.3	2	6.7	28.1	3	O	5	61	9	3	1	RJ	08:20	10/10/2017	13	O	Y	2	8.719	0.0786	68.2	8.166907779
-55.7	21	KDY936	CHIFF	C	N	4	8	6.4	37.1	13.7	NA	20.3	50	2.4	2	7.1	28.4	3	O	4	64	8.2	3	1	RJ	08:30	10/10/2017	13	O	Y	2	7.177	0.114	87.68	7.260637662
-53.6	38	KDY968	CHIFF	C	N	4.5	9.5	8.8	34.8	12.4	NA	19.2	46	2.5	2.2	6.6	28	3	O	4	58	8.1	4	1	RJ	09:45	10/10/2017	13	O	Y	2	8.73	0.062	109.12	8.233687106
-59.1	11	KDY745	CHIFF	C	R	4.5	7.5	6.6	34.8	10.8	NA	19.3	49	2.4	2.2	6.2	27.4	3	O	5	60	7.8	2	1	RJ	11:00	10/10/2017	13	O	Y	2	7.825	0.07	71.28	7.827335769
-57	45	KPN005	CHIFF	C	N	4	9	6.7	34.5	12.7	NA	19.2	44	2.4	2	6	26.8	3	O	4	57	7.2	3	1	RJ	11:30	10/10/2017	13	O	Y	2	8.05	0.1052	85.09	7.318832983
-59.7	34	KDY837	CHIFF	C	R	3.5	8	5.5	34.4	10.6	NA	18.7	43	2.4	2	5.9	26.5	3	O	7	57	8.7	4	2	RJ	11:50	10/10/2017	13	O	Y	2	9.727	0.0894	58.3	9.44109893
-53.2	24	KPN017	CHIFF	C	N	5	8.5	5.5	33	9.3	NA	18.5	47	2.4	2.1	6.5	27.6	3	O	5	57	9.5	4	3	RJ	12:20	10/10/2017	13	O	Y	2	10.622	0.0666	51.15	10.58760283
-52.9	95	KPN023	CHIFF	C	N	4.5	8.5	6.7	33.9	11.1	NA	19.7	48	2.3	2.1	6.7	27.7	3	O	4	60	8.5	3	2	RJ	12:40	10/10/2017	13	O	Y	2	8.527	0.0733	74.37	8.10707729
-68.6	42	KPN047	CHIFF	C	N	4.5	9.5	7	32.2	12	NA	18.4	44	2.6	1.9	6.1	27.7	3	O	5	57	6.7	1	2	RJ	08:30	12/10/2017	15	O	Y	2	7.491	0.0877	84	7.568001382
-60.4	39	KPN057	CHIFF	C	N	4.5	8	5.8	36.8	12.9	NA	19.8	50	2.5	2	5.7	26.7	3	O	7	62	7.4	0	1	RJ	09:20	12/10/2017	15	O	Y	2	6.926	0.1145	74.82	6.969933713
-50.8	23	KPN080	CHIFF	C	N	5	9	6.1	35.4	10.8	NA	20.4	48	2.5	2	6.2	27.4	3	O	7	61	8.6	3	1	RJ	10:30	12/10/2017	15	O	Y	2	8.331	0.077	65.88	7.522661956
-66.3	51	KPN441	CHIFF	C	N	5	9	5.6	32	12	NA	18.6	44	NA	NA	NA	26.9	3	O	3	55	NA	5	3	RJ	09:10	26/10/2017	29	O	Y	3	NA	0.1126	67.2	NA
-68.7	82	KPN446	CHIFF	C	N	4.5	8	6.5	36	13.5	NA	20.9	NA	NA	NA	NA	27.4	3	O	4	61	8.2	2	1	RJ	09:30	26/10/2017	29	O	Y	3	7.944	0.1147	87.75	6.755083901
-67	49	KPN455	CHIFF	C	N	4	9.5	7.6	32.8	11.9	NA	18	44	NA	NA	NA	27.3	4	NA	NA	56	7.6	3	1	RJ	10:40	26/10/2017	29	O	Y	3	8.821	0.0767	90.44	9.065062467
-43.2	4	KPN452	CHIFF	C	N	4	7.5	6.5	34.2	10.8	NA	19.6	46	NA	NA	NA	27.8	4	E	NA	60	7.9	1	1	RJ	10:50	26/10/2017	29	O	Y	3	7.925	0.0716	70.2	7.630423916
-70.7	40	KPN463	CHIFF	C	N	3.5	7.5	5.8	35.4	11.5	NA	19.4	46	NA	NA	NA	28	3	O	7	60	8	2	1	RJ	11:50	26/10/2017	29	O	Y	3	8.025	0.095	66.7	7.925893978
-56.5	94	KPN465	CHIFF	C	N	4.5	7.5	6.2	34.4	10.5	NA	19.6	47	NA	NA	NA	26.8	3	O	0	60	7.6	2	1	RJ	12:50	26/10/2017	29	O	Y	3	7.624	0.0716	65.1	7.340660983
-51.3	28	KPN466	CHIFF	C	N	4	7.5	5.5	32.7	10.9	NA	19	44	NA	NA	NA	27.1	3	O	4	57	6.7	2	1	RJ	13:00	26/10/2017	29	O	Y	3	7.491	0.0947	59.95	6.989594463
-44.5	98	KPN472	CHIFF	C	N	4	9.5	9.1	38.6	12.8	NA	19.7	51	NA	NA	NA	27.2	4	NA	NA	63	9.3	3	2	RJ	13:45	26/10/2017	29	O	Y	3	8.415	0.0587	116.48	8.870096329
-67.7	13	KPN475	CHIFF	C	N	4	8	7.3	36.5	10.7	NA	20.5	49	NA	NA	NA	27.8	3	O	0	62	7.3	0	1	RJ	15:00	26/10/2017	29	O	Y	3	6.833	0.0548	78.11	6.308614594
-79.4	54	KPN478	CHIFF	C	N	4.5	9	7.6	35.2	10.2	NA	19.5	49	NA	NA	NA	27.7	3	O	0	61	8.2	2	1	RJ	08:30	27/10/2017	30	O	Y	3	7.944	0.0426	77.52	8.021205188
-79.6	31	KPN479	CHIFF	C	N	4.5	9	7.6	36.6	12.6	NA	19.4	50	NA	NA	NA	27.8	3	O	8	62	9.9	5	1	RJ	09:20	27/10/2017	30	O	Y	3	9.266	0.0806	95.76	9.808293798
-70.9	59	KPN480	CHIFF	C	N	4.5	8.5	6.6	36.4	13.4	NA	19.5	47	NA	NA	NA	27.2	3	O	3	62	7.7	2	1	RJ	09:30	27/10/2017	30	O	Y	3	7.207	0.1096	88.44	7.532107311
-63.3	3	KPN504	CHIFF	A	N	4	9.5	6.9	34.9	11.6	NA	20.5	46	NA	NA	NA	26.3	3	T	3	60	7.6	2	1	RJ	10:20	27/10/2017	30	O	Y	3	7.624	0.0783	80.04	6.567872728
-98.5	9	KPN510	CHIFF	T	N	4	8	5	33.1	10.2	NA	18.6	46	NA	NA	NA	26.6	3	O	4	58	8.2	3	1	RJ	10:30	27/10/2017	30	O	Y	3	8.837	0.0965	51	9.017516928
-63.3	81	KPN518	CHIFF	A	N	4	9	6.2	36.7	13.7	NA	20.1	52	NA	NA	NA	28.6	3	O	5	64	7.5	0	1	RJ	10:45	27/10/2017	30	O	Y	3	6.564	0.1171	84.94	6.805756483
-61	17	KPN524	CHIFF	C	N	4	9	7.5	33.7	10.5	NA	18.4	46	NA	NA	NA	27.5	3	O	4	56	8.5	4	1	RJ	11:45	27/10/2017	30	O	Y	3	9.866	0.0535	78.75	9.601195783
-61.4	75	KPN526	CHIFF	C	N	4	7	5.9	35.7	12.3	NA	19.4	48	NA	NA	NA	26.6	4	NA	NA	61	7.5	2	1	RJ	12:10	27/10/2017	30	O	Y	3	7.265	0.1049	72.57	7.430525604
-56.6	50	KPN484	CHIFF	C	N	4	9.5	6.4	33.4	11.5	NA	19.4	44	NA	NA	NA	27.4	4	NA	NA	57	7	2	2	RJ	12:20	27/10/2017	30	O	Y	3	7.827	0.0894	73.6	6.935157231
-61	108	KPN561	CHIFF	C	N	5	8.5	6.5	33.5	12.6	NA	19.9	46	NA	NA	NA	27.8	3	O	3	57	7.8	2	2	RJ	09:30	28/10/2017	31	O	Y	4	8.721	0.107	81.9	7.255553008
-75	87	KPN580	CHIFF	C	N	4	7	5.4	35.6	11.4	NA	20.3	49	NA	NA	NA	27.8	3	O	4	63	9.7	4	1	RJ	11:30	28/10/2017	31	O	Y	4	8.777	0.0952	61.56	8.588803088
-77.5	104	KPN587	CHIFF	C	N	5	8	7.2	38.6	11.8	NA	20.4	52	NA	NA	NA	27.4	4	NA	NA	63	8.2	2	1	RJ	12:40	28/10/2017	31	O	Y	4	7.42	0.073	84.96	7.172770702
-51.3	57	KPN599	CHIFF	C	N	4	8	9.5	38.8	12.7	NA	21.3	53	NA	NA	NA	27.1	4	NA	NA	64	8	2	1	RJ	13:20	28/10/2017	31	O	Y	4	7.002	0.05	120.65	6.287917988
-58	79	KPN612	CHIFF	C	N	4	8.5	7.8	38	12.2	NA	20.2	52	NA	NA	NA	27.1	4	NA	NA	64	8	2	1	RJ	14:00	28/10/2017	31	O	Y	4	7.002	0.0687	95.16	7.170754067
-62.1	25	KPN616	CHIFF	A	N	4	8	6.7	38	12.9	NA	20	51	NA	NA	NA	28	3	O	3	65	8	2	1	RJ	08:40	30/10/2017	33	O	Y	4	6.776	0.0953	86.43	7.349741512
-57.4	16	KPN654	CHIFF	C	N	4	9.5	7.2	31.3	11.1	NA	17.9	44	NA	NA	NA	26.6	3	O	3	55	6.4	1	2	RJ	08:50	30/10/2017	33	O	Y	4	7.717	0.0709	79.92	7.739840462
-64	53	KPN658	CHIFF	C	N	4	8.5	7	37.8	11.8	NA	20	52	NA	NA	NA	27	3	O	3	65	8	1	1	RJ	09:00	30/10/2017	33	O	Y	4	6.776	0.0738	82.6	7.349741512
-66.4	77	KPN644	CHIFF	C	N	4	8	7.4	39.5	12.1	NA	19.9	49	NA	NA	NA	27.4	4	NA	NA	64	8	2	1	RJ	09:20	30/10/2017	33	O	Y	4	7.002	0.0734	89.54	7.441592829
-80	100	KPN693	CHIFF	C	N	4	7.5	6.3	36.4	11.7	NA	18.9	49	NA	NA	NA	27.4	3	O	5	64	8.5	2	1	RJ	10:45	30/10/2017	33	O	Y	4	7.439	0.0843	73.71	8.984099984
-80.8	29	KPN925	CHIFF	C	N	4	8.5	6.5	36.9	11.2	NA	19.3	51	NA	NA	NA	27.1	3	O	4	63	7.1	0	1	RJ	13:00	30/10/2017	33	O	Y	4	6.424	0.0746	72.8	7.124882559
-106.6	12	KPN997	CHIFF	T	N	4.5	9	5.5	37	10.4	NA	20	50	NA	NA	NA	26.8	3	O	5	64	7.3	2	1	RJ	12:00	01/11/2017	35	N	Y	4	6.389	0.0765	57.2	6.70663913
-63.7	105	KPN813	CHIFF	C	N	4	9	6.8	33	13.2	NA	19.4	45	NA	NA	NA	27.4	3	O	4	57	6.6	0	2	RJ	15:30	01/11/2017	35	N	Y	4	7.379	0.1122	89.76	6.538862532
-122.1	32	KPN815	CHIFF	T	N	5	10	7.8	39.4	10.7	NA	19.4	52	NA	NA	NA	27	3	O	5	65	9.5	3	1	RJ	15:40	01/11/2017	35	N	Y	4	8.046	0.0446	83.46	9.411999099
-64.8	1	KPN872	CHIFF	C	N	4.5	8	5.4	32.9	11.3	NA	19.4	45	NA	NA	NA	27.7	3	O	0	57	6.5	1	1	RJ	11:10	02/11/2017	36	N	Y	4	7.267	0.1035	61.02	6.439788857
-73.5	78	KPN873	CHIFF	C	N	4	7.5	4.7	35.7	11.7	NA	19.5	47	NA	NA	NA	27.3	3	O	4	62	7.5	1	1	RJ	11:20	02/11/2017	36	N	Y	4	7.02	0.1129	54.99	7.33646816
-61	68	KPN870	CHIFF	C	N	5	8	7.6	36.2	11	NA	19.2	48	NA	NA	NA	27.3	3	O	5	62	7.7	1	1	RJ	11:35	02/11/2017	36	N	Y	4	7.207	0.0548	83.6	7.827085274
-62.9	14	BKN223	CHIFF	C	R	4	8	6.5	34.6	11.8	NA	19.9	NA	NA	NA	NA	26.9	3	O	4	60	7.5	1	1	RJ	08:25	06/11/2017	40	N	Y	4	7.524	0.0833	76.7	6.976493277
-93.4	10	KPN746	CHIFF	A	N	4.5	8.5	5.5	33.5	11.2	NA	19.1	NA	NA	NA	NA	27.3	3	O	0	57	6.9	1	2	RJ	10:10	06/11/2017	40	N	Y	4	7.715	0.1	61.6	7.105221156
-58.6	62	KPN741	CHIFF	C	N	4	8.5	6.7	33.2	11.9	NA	19	NA	NA	NA	NA	27	3	O	7	56	7.5	4	2	RJ	10:30	06/11/2017	40	N	Y	4	8.705	0.0928	79.73	7.824172906
-57.6	5	KPN745	CHIFF	C	N	4	8	7.4	36.5	12.1	NA	20.7	NA	NA	NA	NA	27.4	4	NA	NA	63	7.7	0	1	RJ	10:35	06/11/2017	40	N	Y	4	6.967	0.0746	89.54	6.496127084
-62.7	107	KPN750	CHIFF	C	N	4	8	7	37.2	10.6	NA	20.2	NA	NA	NA	NA	27.4	4	NA	NA	63	7.4	1	2	RJ	11:30	06/11/2017	40	N	Y	4	6.696	0.0571	74.2	6.632947512
-69.6	67	KPN752	CHIFF	C	N	4.5	9.5	6.6	32.5	11	NA	18.2	NA	NA	NA	NA	26.4	4	NA	NA	56	6	1	2	RJ	11:45	06/11/2017	40	N	Y	4	6.964	0.0785	72.6	6.963347659
-60.6	99	KPN734	CHIFF	C	N	4.5	8.5	6.5	32.4	10.4	NA	17.5	NA	NA	NA	NA	26.2	3	O	6	56	6.3	1	1	RJ	12:30	06/11/2017	40	N	Y	4	7.312	0.0694	67.6	8.057708484
-74	47	KPN774	CHIFF	C	N	4.5	7.5	4.8	36.4	10.8	NA	19.9	48	NA	NA	NA	28.2	3	O	4	62	7.6	1	1	RJ	09:00	13/11/2017	47	N	Y	5	7.113	0.0967	51.84	7.069513187
-69.3	43	KPN776	CHIFF	C	N	4	8.5	7.2	37.2	11.7	NA	21.1	51	NA	NA	NA	27.5	4	NA	NA	63	8.4	2	1	RJ	09:10	13/11/2017	47	N	Y	5	7.601	0.0714	84.24	6.758461318
-99	6	KPN780	CHIFF	T	N	5	9.5	6.1	33.8	10.5	NA	18.8	46	NA	NA	NA	26.9	3	O	4	59	6.7	1	1	RJ	09:20	13/11/2017	47	N	Y	5	6.964	0.0745	64.05	7.175283302
-64.6	74	KPN777	CHIFF	C	N	4	10.5	7.8	35.2	12.5	NA	19.1	48	NA	NA	NA	26.5	3	O	7	60	7.1	1	1	RJ	09:30	13/11/2017	47	N	Y	5	7.122	0.0783	97.5	7.311169595
-58.5	46	KPN781	CHIFF	C	N	4	9	6.7	33.1	10.9	NA	19.1	44	NA	NA	NA	28	3	O	4	57	7.5	2	2	RJ	09:40	13/11/2017	47	N	Y	5	8.386	0.0736	73.03	7.723066474
-106.2	101	KPN784	CHIFF	T	N	4	6.5	6	36.6	12.8	NA	19.4	49	NA	NA	NA	26.1	3	O	4	61	7.3	1	2	RJ	09:50	13/11/2017	47	N	Y	5	7.072	0.1114	76.8	7.232378255
-133.2	30	KPN786	CHIFF	T	N	3.5	7.5	6.8	35.8	11.2	NA	19.7	44	NA	NA	NA	25.9	3	O	3	61	9	3	2	RJ	10:30	13/11/2017	47	N	Y	5	8.719	0.0721	76.16	8.583964189
-51.1	80	KPN799	CHIFF	C	N	4	9	7.1	31.1	10	NA	18	43	NA	NA	NA	26.6	3	O	4	55	6.7	2	2	RJ	08:20	14/11/2017	48	N	Y	5	8.079	0.0527	71	7.991568227
-107.7	93	KRN803	CHIFF	T	N	4	8	5.9	34.6	9.9	NA	18.2	48	NA	NA	NA	25.3	3	O	4	58	6.7	2	1	RJ	08:30	14/11/2017	48	N	Y	5	7.221	0.0689	58.41	7.77573822
-64.8	76	KRN816	CHIFF	C	N	4	8	6.2	34.8	13.8	NA	18.6	49	NA	NA	NA	26.3	3	O	5	59	8.5	4	2	RJ	10:10	14/11/2017	48	N	Y	5	8.835	0.1288	85.56	9.347426084
-67.2	89	KPN704	CHIFF	A	R	4.5	9.5	7.8	33	11.4	NA	18.4	44	NA	NA	NA	27.6	3	O	4	56	7.5	2	2	RJ	10:15	14/11/2017	48	N	Y	5	8.705	0.0642	88.92	8.471643338
-51.8	36	KP9800	CHIFF	C	N	5	9	6.9	32.1	11.2	NA	18.7	46	NA	NA	NA	27.4	3	O	4	57	6.8	1	1	RJ	11:00	14/11/2017	48	N	Y	5	7.603	0.0754	77.28	7.379249738
-64.9	103	KRN811	CHIFF	C	N	4	8	7	32.7	10.6	NA	19.2	43	NA	NA	NA	27.1	3	O	0	56	7.3	2	2	RJ	11:10	14/11/2017	48	N	Y	5	8.473	0.0642	74.2	7.420483441
-66.7	55	KRN818	CHIFF	A	N	4	9.5	5.6	33.9	10.7	NA	19.2	44	NA	NA	NA	27.3	3	O	5	58	7	0	1	RJ	11:20	14/11/2017	48	N	Y	5	7.544	0.0879	59.92	7.115532067
-90.1	8	KRN820	CHIFF	T	N	NA	NA	NA	NA	NA	NA	NA	NA	NA	NA	NA	NA	3	O	NA	62	7.8	3	2	KW	08:00	16/11/2017	50	N	Y	5	7.301	NA	NA	NA
-88.6	85	KRN825	CHIFF	T	N	NA	NA	NA	NA	NA	NA	NA	NA	NA	NA	NA	NA	3	O	NA	62	8.1	4	3	KW	08:00	16/11/2017	50	N	Y	5	7.581	NA	NA	NA
-101	19	KRN830	CHIFF	T	N	NA	NA	NA	NA	NA	NA	NA	NA	NA	NA	NA	NA	3	O	NA	61	7.3	2	2	KW	09:00	16/11/2017	50	N	Y	5	7.072	NA	NA	NA
-94	63	KRN833	CHIFF	T	N	NA	NA	NA	NA	NA	NA	NA	NA	NA	NA	NA	NA	4	NA	NA	64	7.8	1	2	KW	09:00	16/11/2017	50	N	Y	5	6.827	NA	NA	NA
-112.9	90	KRN844	CHIFF	T	N	NA	NA	NA	NA	NA	NA	NA	NA	NA	NA	NA	NA	3	O	NA	56	7.2	3	2	KW	10:30	16/11/2017	50	N	Y	5	8.357	NA	NA	NA
-117.9	109	KRN819	CHIFF	T	N	NA	NA	NA	NA	NA	NA	NA	NA	NA	NA	NA	NA	3	O	NA	56	7.6	3	2	KW	10:40	16/11/2017	50	N	Y	5	8.813	NA	NA	NA
-56.8	73	KRN854	CHIFF	C	N	4.5	7.5	6.3	36.4	11.1	NA	19.3	48	NA	NA	NA	26.9	3	O	4	61	6.9	0	1	RJ	10:20	17/11/2017	51	N	Y	6	6.684	0.0786	69.93	6.924181642
-58.2	72	KRN855	CHIFF	C	N	4	8.5	7.9	37.2	9.5	NA	19.9	49	NA	NA	NA	27.5	3	O	1	63	8.1	2	1	RJ	10:30	17/11/2017	51	N	Y	6	7.329	0.0253	75.05	7.534612739
-55.4	48	KRN848	CHIFF	C	N	4.5	8.5	6.6	32	10.7	NA	19.6	45	NA	NA	NA	28.1	3	O	5	56	6.8	1	1	RJ	10:40	17/11/2017	51	N	Y	6	7.893	0.0732	70.62	6.567959827
-54.3	64	KRN856	CHIFF	C	N	4	8	6.9	35.8	11.6	NA	19.4	47	NA	NA	NA	27	3	O	4	60	6.7	0	1	RJ	10:50	17/11/2017	51	N	Y	6	6.721	0.0783	80.04	6.637936206
-72.3	26	KRN860	CHIFF	A	N	4	8	6.2	36.8	12.2	NA	19.2	46	NA	NA	NA	26.9	3	O	3	61	7.9	2	1	RJ	11:50	17/11/2017	51	N	Y	6	7.653	0.0983	75.64	8.03038619
-93.3	7	KRN863	CHIFF	T	N	4	8	6.5	38.1	11.9	NA	19.1	50	NA	NA	NA	26.6	3	O	3	63	8.4	2	1	RJ	12:40	17/11/2017	51	N	Y	6	7.601	0.0857	77.35	8.649834451
-55.1	58	KRN865	CHIFF	C	N	NA	NA	NA	NA	NA	NA	NA	NA	NA	NA	NA	NA	3	O	NA	60	6.8	0	1	JB	08:30	19/11/2017	53	N	Y	6	6.822	NA	NA	NA
-80.4	71	KRN871	CHIFF	C	N	NA	NA	NA	NA	NA	NA	NA	NA	NA	NA	NA	NA	3	O	NA	62	7.5	0	1	JB	09:00	19/11/2017	53	N	Y	6	7.02	NA	NA	NA
-63	83	KRN873	CHIFF	A	N	NA	NA	NA	NA	NA	NA	NA	NA	NA	NA	NA	NA	3	O	NA	55	6.8	0	2	JB	09:30	19/11/2017	53	N	Y	6	8.199	NA	NA	NA
-69.6	60	KRN876	CHIFF	A	N	NA	NA	NA	NA	NA	NA	NA	NA	NA	NA	NA	NA	3	O	NA	60	7.7	0	2	JB	09:40	19/11/2017	53	N	Y	6	7.724	NA	NA	NA
-68.6	88	KRN877	CHIFF	A	N	NA	NA	NA	NA	NA	NA	NA	NA	NA	NA	NA	NA	3	O	NA	63	7.2	0	2	JB	09:50	19/11/2017	53	N	Y	6	6.513	NA	NA	NA
-72.1	15	KPN234	CHIFF	C	R	NA	NA	NA	NA	NA	NA	NA	NA	NA	NA	NA	NA	3	O	NA	NA	NA	NA	NA	RJ	NA	21/11/2017	55	N	N	6	8.326	0.0933	64.41	7.72065256
-54.6	56	JKY440	CHIFF	C	N	NA	NA	NA	NA	NA	NA	NA	NA	NA	NA	NA	NA	4	NA	NA	NA	NA	NA	NA	RJ	NA	21/11/2017	55	N	N	6	7.301	0.0806	93.75	7.165997974
-48.9	92	JKY445	CHIFF	C	N	NA	NA	NA	NA	NA	NA	NA	NA	NA	NA	NA	NA	3	O	NA	NA	NA	NA	NA	RJ	NA	21/11/2017	55	N	N	6	6.515	0.0523	88.48	6.614767361
-59.8	22	KRN879	CHIFF	A	N	5	9	6.5	35.1	10	NA	19.9	48	NA	NA	NA	27.9	3	O	3	60	7.2	1	1	RJ	09:00	24/11/2017	58	N	Y	6	7.223	0.0583	65	6.697433546
-61.7	86	KRN813	CHIFF	C	N	5	9.5	7.5	32.8	11.4	NA	17.9	44	NA	NA	NA	27.2	3	O	5	55	6.7	1	2	RJ	10:30	24/11/2017	58	N	Y	6	8.079	0.0709	85.5	8.102645484
-50.3	65	KRN880	CHIFF	C	N	3	8.5	7	36.5	11.7	NA	18.9	48	NA	NA	NA	26.6	3	O	7	60	7.4	2	2	RJ	12:00	24/11/2017	58	N	Y	6	7.423	0.0783	81.9	7.82145175
-65.6	35	KPN796	CHIFF	C	N	4	8	7.2	34.7	11.6	NA	17.7	47	NA	NA	NA	27	3	O	4	57	7.1	2	2	RJ	12:15	24/11/2017	58	N	Y	6	7.938	0.0771	83.52	8.828789614
-74.2	61	KRN881	CHIFF	C	N	4	9	7.4	36.6	11.1	NA	20	51	NA	NA	NA	27.4	3	O	4	63	8	1	1	RJ	12:20	24/11/2017	58	N	Y	6	7.239	0.0587	82.14	7.349741512
